S,1,2,1,1,1,1,1,1,2,1,3,0,1,-1,-1,1,-23,0,200,400,500,1000,0,0,1,3,4,5,0,200,400,500,1000,0,0,0,1,3,5,0,200,400,500,1000,0,0,1,3,4,5,0,200,400,500,1000,0,0,1,3,4,5,0,200,400,500,1000,3,3,4,4,4,5,0,200,400,500,1000,1,2,2,3,3,5,-1,0,5000,0,-1,5000,5000,0,-1
AF,1,7,8,2,1,2,7,7,7,-11,-11,-13,-13,-10,-15,-17,-13,10,10,10,20,25,25,25,25,150,150,150,150,150,150,150,150,0,8,0,1,4,-3,10,150,0
AFH,1,140,0
AFA,1,1,300,300,7,1,720,290,-9,1,3300,1500,-9,1,9012,700,-8,1,10500,2200,4,1,9600,700,-10,1,1450,1000,3,1,1050,300,-5,1,6300,2400,6,1,8100,2400,5
AL,1,4,5,5,0,0,0,1,1,1,2,2,2,-10,-10,-11,-17,-15,-11,-10,-11,-12,-12,-12,-11,10,10,10,10,25,25,25,25,25,25,25,25,200,200,200,200,150,150,150,150,150,150,150,150,4,0,1,4,-3,10,150,0,0,230,230,120,120,2,0,4,0,2,0,4,0,-10,-20,25,150,-1,300
ALH,1,150,0
ALA,1,1,300,300,4,1,720,290,-6,1,3500,1300,-11,1,8900,700,-7,1,11000,2000,2,1,9600,700,-9,1,200,200,2,1,1050,300,-6,1,6500,2400,2,1,2000,500,2
AHA,1,90,0
AHB,1,90,0
AHC,1,100,0
AHD,1,120,0
AHE,1,150,0

AMA,0,1,4,7,4,0,0,1,2,5,5,5,5,5,-11,-11,-11,-16,-16,-11,-10,-11,-11,-12,-12,-11,10,10,10,10,25,25,25,25,25,25,25,25,200,200,200,200,150,150,150,150,150,150,150,150,7,0,1,4,-3,10,150,0,230,230,120,120,2,0,4,0,2,0,4,0,-10,-20,25,150,-1,300
AMB,1,1,4,7,4,0,0,1,2,5,5,5,5,5,-11,-11,-11,-16,-16,-11,-10,-11,-11,-12,-12,-11,10,10,10,10,25,25,25,25,25,25,25,25,200,200,200,200,150,150,150,150,150,150,150,150,7,0,1,4,-3,10,150,0,230,230,120,120,2,0,4,0,2,0,4,0,-10,-20,25,150,-1,300
AMC,2,1,4,7,5,0,0,1,2,4,4,4,4,4,-11,-11,-11,-16,-16,-11,-10,-11,-11,-12,-12,-11,10,10,10,10,25,25,25,25,25,25,25,25,200,200,200,200,150,150,150,150,150,150,150,150,6,0,1,4,-3,10,150,0,230,230,120,120,2,0,4,0,2,0,4,0,-10,-20,25,150,-1,300
AMD,3,1,4,6,5,0,0,1,1,3,3,3,3,3,-10,-10,-11,-17,-15,-11,-10,-11,-11,-12,-12,-11,10,10,10,10,25,25,25,25,25,25,25,25,200,200,200,200,150,150,150,150,150,150,150,150,5,0,1,4,-3,10,150,0,230,230,120,120,2,0,4,0,2,0,4,0,-10,-20,25,150,-1,300
AME,4,1,4,5,5,0,0,0,1,1,1,2,2,2,-10,-10,-11,-17,-15,-11,-10,-11,-12,-12,-12,-11,10,10,10,10,25,25,25,25,25,25,25,25,200,200,200,200,150,150,150,150,150,150,150,150,4,0,1,4,-3,10,150,0,230,230,120,120,2,0,4,0,2,0,4,0,-10,-20,25,150,-1,300

APA,0,1,4,7,4,0,0,1,2,5,5,5,5,5,-11,-11,-11,-16,-16,-11,-11,-11,-11,-12,-12,-11,10,10,10,10,25,25,25,25,25,25,25,25,200,200,200,200,150,150,150,150,150,150,150,150,7,0,1,4,-3,10,150,0,230,230,120,120,2,0,4,0,2,0,4,0,-10,-20,25,150,-1,300
APB,1,1,4,7,4,0,0,1,2,5,5,5,5,5,-11,-11,-11,-16,-16,-11,-11,-11,-11,-12,-12,-11,10,10,10,10,25,25,25,25,25,25,25,25,200,200,200,200,150,150,150,150,150,150,150,150,7,0,1,4,-3,10,150,0,230,230,120,120,2,0,4,0,2,0,4,0,-10,-20,25,150,-1,300
APC,2,1,4,7,5,0,0,1,2,4,4,4,4,4,-11,-11,-11,-16,-16,-11,-11,-11,-11,-12,-12,-11,10,10,10,10,25,25,25,25,25,25,25,25,200,200,200,200,150,150,150,150,150,150,150,150,6,0,1,4,-3,10,150,0,230,230,120,120,2,0,4,0,2,0,4,0,-10,-20,25,150,-1,300
APD,3,1,4,6,5,0,0,1,1,3,3,3,3,3,-10,-10,-11,-17,-15,-11,-11,-11,-11,-12,-12,-11,10,10,10,10,25,25,25,25,25,25,25,25,200,200,200,200,150,150,150,150,150,150,150,150,5,0,1,4,-3,10,150,0,230,230,120,120,2,0,4,0,2,0,4,0,-10,-20,25,150,-1,300
APE,4,1,4,5,5,0,0,0,1,1,1,2,2,2,-11,-11,-14,-21,-19,-12,-11,-11,-12,-12,-12,-11,10,10,10,10,10,25,25,25,25,25,25,25,200,200,200,200,150,150,150,150,150,150,150,150,4,0,1,4,-3,10,150,0,230,230,120,120,2,0,4,0,2,0,4,0,-10,-20,25,150,-1,300

AVA,0,1,2,5,3,2,4,5,6,7,6,4,3,3,-11,-11,-11,-16,-16,-11,-10,-11,-11,-12,-12,-11,10,10,10,10,25,25,25,25,25,25,25,25,200,200,200,200,150,150,150,150,150,150,150,150,8,0,1,5,-3,10,150,0,230,230,120,120,2,0,4,0,2,0,4,0,-10,-20,25,150,-1,300
AVB,1,1,2,5,3,2,4,5,6,7,6,4,3,3,-11,-11,-11,-16,-16,-11,-10,-11,-11,-12,-12,-11,10,10,10,10,25,25,25,25,25,25,25,25,200,200,200,200,150,150,150,150,150,150,150,150,8,0,1,5,-3,10,150,0,230,230,120,120,2,0,4,0,2,0,4,0,-10,-20,25,150,-1,300
AVC,2,1,2,5,4,2,4,5,6,6,5,3,2,2,-11,-11,-11,-16,-16,-11,-10,-11,-11,-12,-12,-11,10,10,10,10,25,25,25,25,25,25,25,25,200,200,200,200,150,150,150,150,150,150,150,150,7,0,1,5,-3,10,150,0,230,230,120,120,2,0,4,0,2,0,4,0,-10,-20,25,150,-1,300
AVD,3,1,2,4,4,2,4,5,5,5,4,2,1,1,-11,-11,-11,-16,-16,-11,-10,-11,-11,-12,-12,-11,10,10,10,10,25,25,25,25,25,25,25,25,200,200,200,200,150,150,150,150,150,150,150,150,6,0,1,5,-3,10,150,0,230,230,120,120,2,0,4,0,2,0,4,0,-10,-20,25,150,-1,300
AVE,4,1,2,3,4,2,4,4,5,3,2,1,0,0,-10,-10,-11,-17,-15,-11,-10,-11,-12,-12,-12,-11,10,10,10,10,25,25,25,25,25,25,25,25,200,200,200,200,150,150,150,150,150,150,150,150,5,0,1,5,-3,10,150,0,230,230,120,120,2,0,4,0,2,0,4,0,-10,-20,25,150,-1,300

AAA,1,1,300,300,3,1,720,280,-10,1,3300,1300,-13,1,8900,700,-8,1,11000,2000,6,1,9600,700,-11,1,200,200,3,1,1050,300,-6,1,6500,2400,5,1,8000,2000,3
AAB,1,1,300,300,3,1,720,280,-10,1,3300,1300,-13,1,8900,700,-8,1,11000,2000,6,1,9600,700,-11,1,200,200,3,1,1050,300,-6,1,6500,2400,5,1,8000,2000,3
AAC,1,1,300,300,4,1,720,280,-9,1,3300,1300,-12,1,8900,700,-7,1,11000,2000,5,1,9600,700,-11,1,200,200,2,1,1050,300,-6,1,6500,2400,4,1,8000,2000,2
AAD,1,1,300,300,4,1,720,280,-8,1,3300,1300,-11,1,8900,700,-7,1,11000,2000,4,1,9600,700,-10,1,200,200,2,1,1050,300,-6,1,6500,2400,3,1,8000,2000,1
AAE,1,1,300,300,4,1,720,290,-6,1,3500,1300,-11,1,8900,700,-7,1,11000,2000,2,1,9600,700,-9,1,200,200,2,1,1050,300,-6,1,6500,2400,2,0,8000,2000,0

ABA,1,1,300,300,3,1,720,280,-10,1,3300,1300,-13,1,8900,700,-8,1,11000,2000,6,1,9600,700,-11,1,200,200,3,1,1050,300,-6,1,6500,2400,5,1,8000,2000,3
ABB,1,1,300,300,3,1,720,280,-10,1,3300,1300,-13,1,8900,700,-8,1,11000,2000,6,1,9600,700,-11,1,200,200,3,1,1050,300,-6,1,6500,2400,5,1,8000,2000,3
ABC,1,1,300,300,4,1,720,280,-9,1,3300,1300,-12,1,8900,700,-7,1,11000,2000,5,1,9600,700,-11,1,200,200,2,1,1050,300,-6,1,6500,2400,4,1,8000,2000,2
ABD,1,1,300,300,4,1,720,280,-8,1,3300,1300,-11,1,8900,700,-7,1,11000,2000,4,1,9600,700,-10,1,200,200,2,1,1050,300,-6,1,6500,2400,3,1,8000,2000,1
ABE,1,1,300,300,4,1,720,290,-6,1,3500,1300,-11,1,8900,700,-7,1,11000,2000,2,1,9600,700,-9,1,200,200,2,1,1050,300,-6,1,6500,2400,2,0,8000,2000,0

ACA,1,1,300,300,3,1,720,280,-10,1,3300,1300,-13,1,8900,700,-8,1,11000,2000,6,1,9600,700,-11,1,200,200,3,1,1050,300,-6,1,6500,2400,5,1,8000,2000,3
ACB,1,1,300,300,3,1,720,280,-10,1,3300,1300,-13,1,8900,700,-8,1,11000,2000,6,1,9600,700,-11,1,200,200,3,1,1050,300,-6,1,6500,2400,5,1,8000,2000,3
ACC,1,1,300,300,4,1,720,280,-9,1,3300,1300,-12,1,8900,700,-7,1,11000,2000,5,1,9600,700,-11,1,200,200,2,1,1050,300,-6,1,6500,2400,4,1,8000,2000,2
ACD,1,1,300,300,4,1,720,280,-8,1,3300,1300,-11,1,8900,700,-7,1,11000,2000,4,1,9600,700,-10,1,200,200,2,1,1050,300,-6,1,6500,2400,3,1,8000,2000,1
ACE,1,1,300,300,4,1,720,290,-6,1,3500,1300,-11,1,8900,700,-7,1,11000,2000,2,1,9600,700,-9,1,200,200,2,1,1050,300,-6,1,6500,2400,2,0,8000,2000,0

BF,1,7,8,2,1,2,7,7,7,-11,-11,-13,-13,-10,-15,-17,-13,10,10,10,20,25,25,25,25,150,150,150,150,150,150,150,150,0,8,0,1,4,-3,10,150,0
BFH,1,140,0
BFA,1,1,300,300,7,1,720,290,-9,1,3300,1500,-9,1,9012,700,-8,1,10500,2200,4,1,9600,700,-10,1,1450,1000,3,1,1050,300,-5,1,6300,2400,6,1,8100,2400,5
BL,1,4,5,5,0,0,0,1,1,1,2,2,2,-10,-10,-11,-17,-15,-11,-10,-11,-12,-12,-12,-11,10,10,10,10,25,25,25,25,25,25,25,25,200,200,200,200,150,150,150,150,150,150,150,150,4,0,1,4,-3,10,150,0,0,230,230,120,120,2,0,4,0,2,0,4,0,-10,-20,25,150,-1,300
BLH,1,150,0
BLA,1,1,300,300,4,1,720,290,-6,1,3500,1300,-11,1,8900,700,-7,1,11000,2000,2,1,9600,700,-9,1,200,200,2,1,1050,300,-6,1,6500,2400,2,1,2000,500,2
BHA,1,90,0
BHB,1,90,0
BHC,1,100,0
BHD,1,120,0
BHE,1,150,0

BMA,0,1,4,7,4,0,0,1,2,5,5,5,5,5,-11,-11,-11,-16,-16,-11,-10,-11,-11,-12,-12,-11,10,10,10,10,25,25,25,25,25,25,25,25,200,200,200,200,150,150,150,150,150,150,150,150,7,0,1,4,-3,10,150,0,230,230,120,120,2,0,4,0,2,0,4,0,-10,-20,25,150,-1,300
BMB,1,1,4,7,4,0,0,1,2,5,5,5,5,5,-11,-11,-11,-16,-16,-11,-10,-11,-11,-12,-12,-11,10,10,10,10,25,25,25,25,25,25,25,25,200,200,200,200,150,150,150,150,150,150,150,150,7,0,1,4,-3,10,150,0,230,230,120,120,2,0,4,0,2,0,4,0,-10,-20,25,150,-1,300
BMC,2,1,4,7,5,0,0,1,2,4,4,4,4,4,-11,-11,-11,-16,-16,-11,-10,-11,-11,-12,-12,-11,10,10,10,10,25,25,25,25,25,25,25,25,200,200,200,200,150,150,150,150,150,150,150,150,6,0,1,4,-3,10,150,0,230,230,120,120,2,0,4,0,2,0,4,0,-10,-20,25,150,-1,300
BMD,3,1,4,6,5,0,0,1,1,3,3,3,3,3,-10,-10,-11,-17,-15,-11,-10,-11,-11,-12,-12,-11,10,10,10,10,25,25,25,25,25,25,25,25,200,200,200,200,150,150,150,150,150,150,150,150,5,0,1,4,-3,10,150,0,230,230,120,120,2,0,4,0,2,0,4,0,-10,-20,25,150,-1,300
BME,4,1,4,5,5,0,0,0,1,1,1,2,2,2,-10,-10,-11,-17,-15,-11,-10,-11,-12,-12,-12,-11,10,10,10,10,25,25,25,25,25,25,25,25,200,200,200,200,150,150,150,150,150,150,150,150,4,0,1,4,-3,10,150,0,230,230,120,120,2,0,4,0,2,0,4,0,-10,-20,25,150,-1,300

BPA,0,1,4,7,4,0,0,1,2,5,5,5,5,5,-11,-11,-11,-16,-16,-11,-11,-11,-11,-12,-12,-11,10,10,10,10,25,25,25,25,25,25,25,25,200,200,200,200,150,150,150,150,150,150,150,150,7,0,1,4,-3,10,150,0,230,230,120,120,2,0,4,0,2,0,4,0,-10,-20,25,150,-1,300
BPB,1,1,4,7,4,0,0,1,2,5,5,5,5,5,-11,-11,-11,-16,-16,-11,-11,-11,-11,-12,-12,-11,10,10,10,10,25,25,25,25,25,25,25,25,200,200,200,200,150,150,150,150,150,150,150,150,7,0,1,4,-3,10,150,0,230,230,120,120,2,0,4,0,2,0,4,0,-10,-20,25,150,-1,300
BPC,2,1,4,7,5,0,0,1,2,4,4,4,4,4,-11,-11,-11,-16,-16,-11,-11,-11,-11,-12,-12,-11,10,10,10,10,25,25,25,25,25,25,25,25,200,200,200,200,150,150,150,150,150,150,150,150,6,0,1,4,-3,10,150,0,230,230,120,120,2,0,4,0,2,0,4,0,-10,-20,25,150,-1,300
BPD,3,1,4,6,5,0,0,1,1,3,3,3,3,3,-10,-10,-11,-17,-15,-11,-11,-11,-11,-12,-12,-11,10,10,10,10,25,25,25,25,25,25,25,25,200,200,200,200,150,150,150,150,150,150,150,150,5,0,1,4,-3,10,150,0,230,230,120,120,2,0,4,0,2,0,4,0,-10,-20,25,150,-1,300
BPE,4,1,4,5,5,0,0,0,1,1,1,2,2,2,-11,-11,-14,-21,-19,-12,-11,-11,-12,-12,-12,-11,10,10,10,10,10,25,25,25,25,25,25,25,200,200,200,200,150,150,150,150,150,150,150,150,4,0,1,4,-3,10,150,0,230,230,120,120,2,0,4,0,2,0,4,0,-10,-20,25,150,-1,300

BVA,0,1,2,5,3,2,4,5,6,7,6,4,3,3,-11,-11,-11,-16,-16,-11,-10,-11,-11,-12,-12,-11,10,10,10,10,25,25,25,25,25,25,25,25,200,200,200,200,150,150,150,150,150,150,150,150,8,0,1,5,-3,10,150,0,230,230,120,120,2,0,4,0,2,0,4,0,-10,-20,25,150,-1,300
BVB,1,1,2,5,3,2,4,5,6,7,6,4,3,3,-11,-11,-11,-16,-16,-11,-10,-11,-11,-12,-12,-11,10,10,10,10,25,25,25,25,25,25,25,25,200,200,200,200,150,150,150,150,150,150,150,150,8,0,1,5,-3,10,150,0,230,230,120,120,2,0,4,0,2,0,4,0,-10,-20,25,150,-1,300
BVC,2,1,2,5,4,2,4,5,6,6,5,3,2,2,-11,-11,-11,-16,-16,-11,-10,-11,-11,-12,-12,-11,10,10,10,10,25,25,25,25,25,25,25,25,200,200,200,200,150,150,150,150,150,150,150,150,7,0,1,5,-3,10,150,0,230,230,120,120,2,0,4,0,2,0,4,0,-10,-20,25,150,-1,300
BVD,3,1,2,4,4,2,4,5,5,5,4,2,1,1,-11,-11,-11,-16,-16,-11,-10,-11,-11,-12,-12,-11,10,10,10,10,25,25,25,25,25,25,25,25,200,200,200,200,150,150,150,150,150,150,150,150,6,0,1,5,-3,10,150,0,230,230,120,120,2,0,4,0,2,0,4,0,-10,-20,25,150,-1,300
BVE,4,1,2,3,4,2,4,4,5,3,2,1,0,0,-10,-10,-11,-17,-15,-11,-10,-11,-12,-12,-12,-11,10,10,10,10,25,25,25,25,25,25,25,25,200,200,200,200,150,150,150,150,150,150,150,150,5,0,1,5,-3,10,150,0,230,230,120,120,2,0,4,0,2,0,4,0,-10,-20,25,150,-1,300

BAA,1,1,300,300,3,1,720,280,-10,1,3300,1300,-13,1,8900,700,-8,1,11000,2000,6,1,9600,700,-11,1,200,200,3,1,1050,300,-6,1,6500,2400,5,1,8000,2000,3
BAB,1,1,300,300,3,1,720,280,-10,1,3300,1300,-13,1,8900,700,-8,1,11000,2000,6,1,9600,700,-11,1,200,200,3,1,1050,300,-6,1,6500,2400,5,1,8000,2000,3
BAC,1,1,300,300,4,1,720,280,-9,1,3300,1300,-12,1,8900,700,-7,1,11000,2000,5,1,9600,700,-11,1,200,200,2,1,1050,300,-6,1,6500,2400,4,1,8000,2000,2
BAD,1,1,300,300,4,1,720,280,-8,1,3300,1300,-11,1,8900,700,-7,1,11000,2000,4,1,9600,700,-10,1,200,200,2,1,1050,300,-6,1,6500,2400,3,1,8000,2000,1
BAE,1,1,300,300,4,1,720,290,-6,1,3500,1300,-11,1,8900,700,-7,1,11000,2000,2,1,9600,700,-9,1,200,200,2,1,1050,300,-6,1,6500,2400,2,0,8000,2000,0

BBA,1,1,300,300,3,1,720,280,-10,1,3300,1300,-13,1,8900,700,-8,1,11000,2000,6,1,9600,700,-11,1,200,200,3,1,1050,300,-6,1,6500,2400,5,1,8000,2000,3
BBB,1,1,300,300,3,1,720,280,-10,1,3300,1300,-13,1,8900,700,-8,1,11000,2000,6,1,9600,700,-11,1,200,200,3,1,1050,300,-6,1,6500,2400,5,1,8000,2000,3
BBC,1,1,300,300,4,1,720,280,-9,1,3300,1300,-12,1,8900,700,-7,1,11000,2000,5,1,9600,700,-11,1,200,200,2,1,1050,300,-6,1,6500,2400,4,1,8000,2000,2
BBD,1,1,300,300,4,1,720,280,-8,1,3300,1300,-11,1,8900,700,-7,1,11000,2000,4,1,9600,700,-10,1,200,200,2,1,1050,300,-6,1,6500,2400,3,1,8000,2000,1
BBE,1,1,300,300,4,1,720,290,-6,1,3500,1300,-11,1,8900,700,-7,1,11000,2000,2,1,9600,700,-9,1,200,200,2,1,1050,300,-6,1,6500,2400,2,0,8000,2000,0

BCA,1,1,300,300,3,1,720,280,-10,1,3300,1300,-13,1,8900,700,-8,1,11000,2000,6,1,9600,700,-11,1,200,200,3,1,1050,300,-6,1,6500,2400,5,1,8000,2000,3
BCB,1,1,300,300,3,1,720,280,-10,1,3300,1300,-13,1,8900,700,-8,1,11000,2000,6,1,9600,700,-11,1,200,200,3,1,1050,300,-6,1,6500,2400,5,1,8000,2000,3
BCC,1,1,300,300,4,1,720,280,-9,1,3300,1300,-12,1,8900,700,-7,1,11000,2000,5,1,9600,700,-11,1,200,200,2,1,1050,300,-6,1,6500,2400,4,1,8000,2000,2
BCD,1,1,300,300,4,1,720,280,-8,1,3300,1300,-11,1,8900,700,-7,1,11000,2000,4,1,9600,700,-10,1,200,200,2,1,1050,300,-6,1,6500,2400,3,1,8000,2000,1
BCE,1,1,300,300,4,1,720,290,-6,1,3500,1300,-11,1,8900,700,-7,1,11000,2000,2,1,9600,700,-9,1,200,200,2,1,1050,300,-6,1,6500,2400,2,0,8000,2000,0

CF,1,0,0,0,0,0,0,0,0,0,0,0,0,0,0,0,0,0,0,0,0,0,0,0,0,0,0,0,0,0,0,0,0,0,0,0,1,0,0,0,0,0
CFH,1,50,0
CFA,0,0,800,1,0,0,800,1,0,0,800,1,0,0,800,1,0,0,800,1,0,0,800,1,0,0,800,1,0,0,800,1,0,0,800,1,0,0,800,1,0
CL,1,0,0,0,0,0,0,0,0,0,0,0,0,0,0,0,0,0,0,0,0,0,0,0,0,0,0,0,0,0,0,0,0,0,0,0,0,0,0,0,0,0,0,0,0,0,0,0,0,0,0,1,0,0,0,0,0,0,0,0,0,0,0,0,0,0,0,0,0,0,0,0,0,0,0,100
CLH,1,50,0
CLA,0,0,800,1,0,0,800,1,0,0,800,1,0,0,800,1,0,0,800,1,0,0,800,1,0,0,800,1,0,0,800,1,0,0,800,1,0,0,800,1,0
CHA,1,50,0
CHB,1,50,0
CHC,1,50,0
CHD,1,50,0
CHE,1,50,0

CMA,0,1,0,0,0,0,0,0,0,0,0,0,0,0,0,0,0,0,0,0,0,0,0,0,0,0,0,0,0,0,0,0,0,0,0,0,0,0,0,0,0,0,0,0,0,0,0,0,0,0,0,0,1,0,0,0,0,0,0,0,0,0,0,0,0,0,0,0,0,0,0,0,0,0,0,100
CMB,1,1,0,0,0,0,0,0,0,0,0,0,0,0,0,0,0,0,0,0,0,0,0,0,0,0,0,0,0,0,0,0,0,0,0,0,0,0,0,0,0,0,0,0,0,0,0,0,0,0,0,0,1,0,0,0,0,0,0,0,0,0,0,0,0,0,0,0,0,0,0,0,0,0,0,100
CMC,2,1,0,0,0,0,0,0,0,0,0,0,0,0,0,0,0,0,0,0,0,0,0,0,0,0,0,0,0,0,0,0,0,0,0,0,0,0,0,0,0,0,0,0,0,0,0,0,0,0,0,0,1,0,0,0,0,0,0,0,0,0,0,0,0,0,0,0,0,0,0,0,0,0,0,100
CMD,3,1,0,0,0,0,0,0,0,0,0,0,0,0,0,0,0,0,0,0,0,0,0,0,0,0,0,0,0,0,0,0,0,0,0,0,0,0,0,0,0,0,0,0,0,0,0,0,0,0,0,0,1,0,0,0,0,0,0,0,0,0,0,0,0,0,0,0,0,0,0,0,0,0,0,100
CME,4,1,0,0,0,0,0,0,0,0,0,0,0,0,0,0,0,0,0,0,0,0,0,0,0,0,0,0,0,0,0,0,0,0,0,0,0,0,0,0,0,0,0,0,0,0,0,0,0,0,0,0,1,0,0,0,0,0,0,0,0,0,0,0,0,0,0,0,0,0,0,0,0,0,0,100

CPA,0,1,0,0,0,0,0,0,0,0,0,0,0,0,0,0,0,0,0,0,0,0,0,0,0,0,0,0,0,0,0,0,0,0,0,0,0,0,0,0,0,0,0,0,0,0,0,0,0,0,0,0,1,0,0,0,0,0,0,0,0,0,0,0,0,0,0,0,0,0,0,0,0,0,0,100
CPB,1,1,0,0,0,0,0,0,0,0,0,0,0,0,0,0,0,0,0,0,0,0,0,0,0,0,0,0,0,0,0,0,0,0,0,0,0,0,0,0,0,0,0,0,0,0,0,0,0,0,0,0,1,0,0,0,0,0,0,0,0,0,0,0,0,0,0,0,0,0,0,0,0,0,0,100
CPC,2,1,0,0,0,0,0,0,0,0,0,0,0,0,0,0,0,0,0,0,0,0,0,0,0,0,0,0,0,0,0,0,0,0,0,0,0,0,0,0,0,0,0,0,0,0,0,0,0,0,0,0,1,0,0,0,0,0,0,0,0,0,0,0,0,0,0,0,0,0,0,0,0,0,0,100
CPD,3,1,0,0,0,0,0,0,0,0,0,0,0,0,0,0,0,0,0,0,0,0,0,0,0,0,0,0,0,0,0,0,0,0,0,0,0,0,0,0,0,0,0,0,0,0,0,0,0,0,0,0,1,0,0,0,0,0,0,0,0,0,0,0,0,0,0,0,0,0,0,0,0,0,0,100
CPE,4,1,0,0,0,0,0,0,0,0,0,0,0,0,0,0,0,0,0,0,0,0,0,0,0,0,0,0,0,0,0,0,0,0,0,0,0,0,0,0,0,0,0,0,0,0,0,0,0,0,0,0,1,0,0,0,0,0,0,0,0,0,0,0,0,0,0,0,0,0,0,0,0,0,0,100

CVA,0,1,0,0,0,0,0,0,0,0,0,0,0,0,0,0,0,0,0,0,0,0,0,0,0,0,0,0,0,0,0,0,0,0,0,0,0,0,0,0,0,0,0,0,0,0,0,0,0,0,0,0,1,0,0,0,0,0,0,0,0,0,0,0,0,0,0,0,0,0,0,0,0,0,0,100
CVB,1,1,0,0,0,0,0,0,0,0,0,0,0,0,0,0,0,0,0,0,0,0,0,0,0,0,0,0,0,0,0,0,0,0,0,0,0,0,0,0,0,0,0,0,0,0,0,0,0,0,0,0,1,0,0,0,0,0,0,0,0,0,0,0,0,0,0,0,0,0,0,0,0,0,0,100
CVC,2,1,0,0,0,0,0,0,0,0,0,0,0,0,0,0,0,0,0,0,0,0,0,0,0,0,0,0,0,0,0,0,0,0,0,0,0,0,0,0,0,0,0,0,0,0,0,0,0,0,0,0,1,0,0,0,0,0,0,0,0,0,0,0,0,0,0,0,0,0,0,0,0,0,0,100
CVD,3,1,0,0,0,0,0,0,0,0,0,0,0,0,0,0,0,0,0,0,0,0,0,0,0,0,0,0,0,0,0,0,0,0,0,0,0,0,0,0,0,0,0,0,0,0,0,0,0,0,0,0,1,0,0,0,0,0,0,0,0,0,0,0,0,0,0,0,0,0,0,0,0,0,0,100
CVE,4,1,0,0,0,0,0,0,0,0,0,0,0,0,0,0,0,0,0,0,0,0,0,0,0,0,0,0,0,0,0,0,0,0,0,0,0,0,0,0,0,0,0,0,0,0,0,0,0,0,0,0,1,0,0,0,0,0,0,0,0,0,0,0,0,0,0,0,0,0,0,0,0,0,0,100

CAA,0,0,800,200,0,0,800,200,0,0,800,200,0,0,800,200,0,0,800,200,0,0,800,200,0,0,800,200,0,0,800,200,0,0,800,200,0,0,800,200,0
CAB,0,0,800,200,0,0,800,200,0,0,800,200,0,0,800,200,0,0,800,200,0,0,800,200,0,0,800,200,0,0,800,200,0,0,800,200,0,0,800,200,0
CAC,0,0,800,200,0,0,800,200,0,0,800,200,0,0,800,200,0,0,800,200,0,0,800,200,0,0,800,200,0,0,800,200,0,0,800,200,0,0,800,200,0
CAD,0,0,800,200,0,0,800,200,0,0,800,200,0,0,800,200,0,0,800,200,0,0,800,200,0,0,800,200,0,0,800,200,0,0,800,200,0,0,800,200,0
CAE,0,0,800,200,0,0,800,200,0,0,800,200,0,0,800,200,0,0,800,200,0,0,800,200,0,0,800,200,0,0,800,200,0,0,800,200,0,0,800,200,0

CBA,0,0,800,200,0,0,800,200,0,0,800,200,0,0,800,200,0,0,800,200,0,0,800,200,0,0,800,200,0,0,800,200,0,0,800,200,0,0,800,200,0
CBB,0,0,800,200,0,0,800,200,0,0,800,200,0,0,800,200,0,0,800,200,0,0,800,200,0,0,800,200,0,0,800,200,0,0,800,200,0,0,800,200,0
CBC,0,0,800,200,0,0,800,200,0,0,800,200,0,0,800,200,0,0,800,200,0,0,800,200,0,0,800,200,0,0,800,200,0,0,800,200,0,0,800,200,0
CBD,0,0,800,200,0,0,800,200,0,0,800,200,0,0,800,200,0,0,800,200,0,0,800,200,0,0,800,200,0,0,800,200,0,0,800,200,0,0,800,200,0
CBE,0,0,800,200,0,0,800,200,0,0,800,200,0,0,800,200,0,0,800,200,0,0,800,200,0,0,800,200,0,0,800,200,0,0,800,200,0,0,800,200,0

CCA,0,0,800,200,0,0,800,200,0,0,800,200,0,0,800,200,0,0,800,200,0,0,800,200,0,0,800,200,0,0,800,200,0,0,800,200,0,0,800,200,0
CCB,0,0,800,200,0,0,800,200,0,0,800,200,0,0,800,200,0,0,800,200,0,0,800,200,0,0,800,200,0,0,800,200,0,0,800,200,0,0,800,200,0
CCC,0,0,800,200,0,0,800,200,0,0,800,200,0,0,800,200,0,0,800,200,0,0,800,200,0,0,800,200,0,0,800,200,0,0,800,200,0,0,800,200,0
CCD,0,0,800,200,0,0,800,200,0,0,800,200,0,0,800,200,0,0,800,200,0,0,800,200,0,0,800,200,0,0,800,200,0,0,800,200,0,0,800,200,0
CCE,0,0,800,200,0,0,800,200,0,0,800,200,0,0,800,200,0,0,800,200,0,0,800,200,0,0,800,200,0,0,800,200,0,0,800,200,0,0,800,200,0

DF,1,0,0,0,0,0,0,0,0,0,0,0,0,0,0,0,0,0,0,0,0,0,0,0,0,0,0,0,0,0,0,0,0,0,0,0,1,0,0,0,0,0
DFH,1,50,0
DFA,0,0,800,1,0,0,800,1,0,0,800,1,0,0,800,1,0,0,800,1,0,0,800,1,0,0,800,1,0,0,800,1,0,0,800,1,0,0,800,1,0
DL,1,0,0,0,0,0,0,0,0,0,0,0,0,0,0,0,0,0,0,0,0,0,0,0,0,0,0,0,0,0,0,0,0,0,0,0,0,0,0,0,0,0,0,0,0,0,0,0,0,0,0,1,0,0,0,0,0,0,0,0,0,0,0,0,0,0,0,0,0,0,0,0,0,0,0,100
DLH,1,50,0
DLA,0,0,800,1,0,0,800,1,0,0,800,1,0,0,800,1,0,0,800,1,0,0,800,1,0,0,800,1,0,0,800,1,0,0,800,1,0,0,800,1,0
DHA,1,50,0
DHB,1,50,0
DHC,1,50,0
DHD,1,50,0
DHE,1,50,0

DMA,0,1,0,0,0,0,0,0,0,0,0,0,0,0,0,0,0,0,0,0,0,0,0,0,0,0,0,0,0,0,0,0,0,0,0,0,0,0,0,0,0,0,0,0,0,0,0,0,0,0,0,0,1,0,0,0,0,0,0,0,0,0,0,0,0,0,0,0,0,0,0,0,0,0,0,100
DMB,1,1,0,0,0,0,0,0,0,0,0,0,0,0,0,0,0,0,0,0,0,0,0,0,0,0,0,0,0,0,0,0,0,0,0,0,0,0,0,0,0,0,0,0,0,0,0,0,0,0,0,0,1,0,0,0,0,0,0,0,0,0,0,0,0,0,0,0,0,0,0,0,0,0,0,100
DMC,2,1,0,0,0,0,0,0,0,0,0,0,0,0,0,0,0,0,0,0,0,0,0,0,0,0,0,0,0,0,0,0,0,0,0,0,0,0,0,0,0,0,0,0,0,0,0,0,0,0,0,0,1,0,0,0,0,0,0,0,0,0,0,0,0,0,0,0,0,0,0,0,0,0,0,100
DMD,3,1,0,0,0,0,0,0,0,0,0,0,0,0,0,0,0,0,0,0,0,0,0,0,0,0,0,0,0,0,0,0,0,0,0,0,0,0,0,0,0,0,0,0,0,0,0,0,0,0,0,0,1,0,0,0,0,0,0,0,0,0,0,0,0,0,0,0,0,0,0,0,0,0,0,100
DME,4,1,0,0,0,0,0,0,0,0,0,0,0,0,0,0,0,0,0,0,0,0,0,0,0,0,0,0,0,0,0,0,0,0,0,0,0,0,0,0,0,0,0,0,0,0,0,0,0,0,0,0,1,0,0,0,0,0,0,0,0,0,0,0,0,0,0,0,0,0,0,0,0,0,0,100

DPA,0,1,0,0,0,0,0,0,0,0,0,0,0,0,0,0,0,0,0,0,0,0,0,0,0,0,0,0,0,0,0,0,0,0,0,0,0,0,0,0,0,0,0,0,0,0,0,0,0,0,0,0,1,0,0,0,0,0,0,0,0,0,0,0,0,0,0,0,0,0,0,0,0,0,0,100
DPB,1,1,0,0,0,0,0,0,0,0,0,0,0,0,0,0,0,0,0,0,0,0,0,0,0,0,0,0,0,0,0,0,0,0,0,0,0,0,0,0,0,0,0,0,0,0,0,0,0,0,0,0,1,0,0,0,0,0,0,0,0,0,0,0,0,0,0,0,0,0,0,0,0,0,0,100
DPC,2,1,0,0,0,0,0,0,0,0,0,0,0,0,0,0,0,0,0,0,0,0,0,0,0,0,0,0,0,0,0,0,0,0,0,0,0,0,0,0,0,0,0,0,0,0,0,0,0,0,0,0,1,0,0,0,0,0,0,0,0,0,0,0,0,0,0,0,0,0,0,0,0,0,0,100
DPD,3,1,0,0,0,0,0,0,0,0,0,0,0,0,0,0,0,0,0,0,0,0,0,0,0,0,0,0,0,0,0,0,0,0,0,0,0,0,0,0,0,0,0,0,0,0,0,0,0,0,0,0,1,0,0,0,0,0,0,0,0,0,0,0,0,0,0,0,0,0,0,0,0,0,0,100
DPE,4,1,0,0,0,0,0,0,0,0,0,0,0,0,0,0,0,0,0,0,0,0,0,0,0,0,0,0,0,0,0,0,0,0,0,0,0,0,0,0,0,0,0,0,0,0,0,0,0,0,0,0,1,0,0,0,0,0,0,0,0,0,0,0,0,0,0,0,0,0,0,0,0,0,0,100

DVA,0,1,0,0,0,0,0,0,0,0,0,0,0,0,0,0,0,0,0,0,0,0,0,0,0,0,0,0,0,0,0,0,0,0,0,0,0,0,0,0,0,0,0,0,0,0,0,0,0,0,0,0,1,0,0,0,0,0,0,0,0,0,0,0,0,0,0,0,0,0,0,0,0,0,0,100
DVB,1,1,0,0,0,0,0,0,0,0,0,0,0,0,0,0,0,0,0,0,0,0,0,0,0,0,0,0,0,0,0,0,0,0,0,0,0,0,0,0,0,0,0,0,0,0,0,0,0,0,0,0,1,0,0,0,0,0,0,0,0,0,0,0,0,0,0,0,0,0,0,0,0,0,0,100
DVC,2,1,0,0,0,0,0,0,0,0,0,0,0,0,0,0,0,0,0,0,0,0,0,0,0,0,0,0,0,0,0,0,0,0,0,0,0,0,0,0,0,0,0,0,0,0,0,0,0,0,0,0,1,0,0,0,0,0,0,0,0,0,0,0,0,0,0,0,0,0,0,0,0,0,0,100
DVD,3,1,0,0,0,0,0,0,0,0,0,0,0,0,0,0,0,0,0,0,0,0,0,0,0,0,0,0,0,0,0,0,0,0,0,0,0,0,0,0,0,0,0,0,0,0,0,0,0,0,0,0,1,0,0,0,0,0,0,0,0,0,0,0,0,0,0,0,0,0,0,0,0,0,0,100
DVE,4,1,0,0,0,0,0,0,0,0,0,0,0,0,0,0,0,0,0,0,0,0,0,0,0,0,0,0,0,0,0,0,0,0,0,0,0,0,0,0,0,0,0,0,0,0,0,0,0,0,0,0,1,0,0,0,0,0,0,0,0,0,0,0,0,0,0,0,0,0,0,0,0,0,0,100

DAA,0,0,800,200,0,0,800,200,0,0,800,200,0,0,800,200,0,0,800,200,0,0,800,200,0,0,800,200,0,0,800,200,0,0,800,200,0,0,800,200,0
DAB,0,0,800,200,0,0,800,200,0,0,800,200,0,0,800,200,0,0,800,200,0,0,800,200,0,0,800,200,0,0,800,200,0,0,800,200,0,0,800,200,0
DAC,0,0,800,200,0,0,800,200,0,0,800,200,0,0,800,200,0,0,800,200,0,0,800,200,0,0,800,200,0,0,800,200,0,0,800,200,0,0,800,200,0
DAD,0,0,800,200,0,0,800,200,0,0,800,200,0,0,800,200,0,0,800,200,0,0,800,200,0,0,800,200,0,0,800,200,0,0,800,200,0,0,800,200,0
DAE,0,0,800,200,0,0,800,200,0,0,800,200,0,0,800,200,0,0,800,200,0,0,800,200,0,0,800,200,0,0,800,200,0,0,800,200,0,0,800,200,0

DBA,0,0,800,200,0,0,800,200,0,0,800,200,0,0,800,200,0,0,800,200,0,0,800,200,0,0,800,200,0,0,800,200,0,0,800,200,0,0,800,200,0
DBB,0,0,800,200,0,0,800,200,0,0,800,200,0,0,800,200,0,0,800,200,0,0,800,200,0,0,800,200,0,0,800,200,0,0,800,200,0,0,800,200,0
DBC,0,0,800,200,0,0,800,200,0,0,800,200,0,0,800,200,0,0,800,200,0,0,800,200,0,0,800,200,0,0,800,200,0,0,800,200,0,0,800,200,0
DBD,0,0,800,200,0,0,800,200,0,0,800,200,0,0,800,200,0,0,800,200,0,0,800,200,0,0,800,200,0,0,800,200,0,0,800,200,0,0,800,200,0
DBE,0,0,800,200,0,0,800,200,0,0,800,200,0,0,800,200,0,0,800,200,0,0,800,200,0,0,800,200,0,0,800,200,0,0,800,200,0,0,800,200,0

DCA,0,0,800,200,0,0,800,200,0,0,800,200,0,0,800,200,0,0,800,200,0,0,800,200,0,0,800,200,0,0,800,200,0,0,800,200,0,0,800,200,0
DCB,0,0,800,200,0,0,800,200,0,0,800,200,0,0,800,200,0,0,800,200,0,0,800,200,0,0,800,200,0,0,800,200,0,0,800,200,0,0,800,200,0
DCC,0,0,800,200,0,0,800,200,0,0,800,200,0,0,800,200,0,0,800,200,0,0,800,200,0,0,800,200,0,0,800,200,0,0,800,200,0,0,800,200,0
DCD,0,0,800,200,0,0,800,200,0,0,800,200,0,0,800,200,0,0,800,200,0,0,800,200,0,0,800,200,0,0,800,200,0,0,800,200,0,0,800,200,0
DCE,0,0,800,200,0,0,800,200,0,0,800,200,0,0,800,200,0,0,800,200,0,0,800,200,0,0,800,200,0,0,800,200,0,0,800,200,0,0,800,200,0

